,CustomerID,Genre,Age,Group
0,1,1,19,0
1,2,1,21,0
2,3,0,20,0
3,4,0,23,0
4,5,0,31,0
5,6,0,22,0
6,7,0,35,0
7,8,0,23,0
8,9,1,64,0
9,10,0,30,0
10,11,1,67,0
11,12,0,35,0
12,13,0,58,0
13,14,0,24,0
14,15,1,37,0
15,16,1,22,0
16,17,0,35,0
17,18,1,20,0
18,19,1,52,0
19,20,0,35,0
20,21,1,35,0
21,22,1,25,0
22,23,0,46,0
23,24,1,31,0
24,25,0,54,0
25,26,1,29,0
26,27,0,45,0
27,28,1,35,0
28,29,0,40,0
29,30,0,23,0
30,31,1,60,0
31,32,0,21,0
32,33,1,53,0
33,34,1,18,0
34,35,0,49,0
35,36,0,21,0
36,37,0,42,0
37,38,0,30,0
38,39,0,36,0
39,40,0,20,0
40,41,0,65,0
41,42,1,24,0
42,43,1,48,0
43,44,0,31,0
44,45,0,49,0
45,46,0,24,0
46,47,0,50,0
47,48,0,27,0
48,49,0,29,0
49,50,0,31,0
50,51,0,49,0
51,52,1,33,0
52,53,0,31,0
53,54,1,59,0
54,55,0,50,0
55,56,1,47,0
56,57,0,51,0
57,58,1,69,0
58,59,0,27,0
59,60,1,53,0
60,61,1,70,0
61,62,1,19,0
62,63,0,67,0
63,64,0,54,0
64,65,1,63,0
65,66,1,18,0
66,67,0,43,0
67,68,0,68,0
68,69,1,19,0
69,70,0,32,0
70,71,1,70,0
71,72,0,47,0
72,73,0,60,0
73,74,0,60,0
74,75,1,59,0
75,76,1,26,0
76,77,0,45,0
77,78,1,40,0
78,79,0,23,0
79,80,0,49,0
80,81,1,57,0
81,82,1,38,0
82,83,1,67,0
83,84,0,46,0
84,85,0,21,0
85,86,1,48,0
86,87,0,55,0
87,88,0,22,0
88,89,0,34,0
89,90,0,50,0
90,91,0,68,0
91,92,1,18,0
92,93,1,48,0
93,94,0,40,0
94,95,0,32,0
95,96,1,24,0
96,97,0,47,0
97,98,0,27,0
98,99,1,48,0
99,100,1,20,1
100,101,0,23,1
101,102,0,49,1
102,103,1,67,1
103,104,1,26,1
104,105,1,49,1
105,106,0,21,1
106,107,0,66,1
107,108,1,54,1
108,109,1,68,1
109,110,1,66,1
110,111,1,65,1
111,112,0,19,1
112,113,0,38,1
113,114,1,19,1
114,115,0,18,1
115,116,0,19,1
116,117,0,63,1
117,118,0,49,1
118,119,0,51,1
119,120,0,50,1
120,121,1,27,1
121,122,0,38,1
122,123,0,40,1
123,124,1,39,1
124,125,0,23,1
125,126,0,31,1
126,127,1,43,1
127,128,1,40,1
128,129,1,59,1
129,130,1,38,1
130,131,1,47,1
131,132,1,39,1
132,133,0,25,1
133,134,0,31,1
134,135,1,20,1
135,136,0,29,1
136,137,0,44,1
137,138,1,32,1
138,139,1,19,1
139,140,0,35,1
140,141,0,57,1
141,142,1,32,1
142,143,0,28,1
143,144,0,32,1
144,145,1,25,1
145,146,1,28,1
146,147,1,48,1
147,148,0,32,1
148,149,0,34,1
149,150,1,34,1
150,151,1,43,1
151,152,1,39,1
152,153,0,44,1
153,154,0,38,1
154,155,0,47,1
155,156,0,27,1
156,157,1,37,1
157,158,0,30,1
158,159,1,34,1
159,160,0,30,1
160,161,0,56,1
161,162,0,29,1
162,163,1,19,1
163,164,0,31,1
164,165,1,50,1
165,166,0,36,1
166,167,1,42,1
167,168,0,33,1
168,169,0,36,1
169,170,1,32,1
170,171,1,40,1
171,172,1,28,1
172,173,1,36,1
173,174,1,36,1
174,175,0,52,1
175,176,0,30,1
176,177,1,58,1
177,178,1,27,1
178,179,1,59,1
179,180,1,35,1
180,181,0,37,1
181,182,0,32,1
182,183,1,46,1
183,184,0,29,1
184,185,0,41,1
185,186,1,30,1
186,187,0,54,1
187,188,1,28,1
188,189,0,41,1
189,190,0,36,1
190,191,0,34,1
191,192,0,32,1
192,193,1,33,1
193,194,0,38,1
194,195,0,47,1
195,196,0,35,1
196,197,0,45,1
197,198,1,32,1
198,199,1,32,1
199,200,1,30,1
